4294967294,0
4294967294,88
4294967294,30
4294967294,1167
4294967294,1166
4294967294,1164
4294967294,1163
4294967294,1158
4294967294,1019
4294967294,992
4294967294,990
4294967294,989
4294967294,988
4294967294,987
4294967294,60
4294967278,205
4294967294,67
4294967294,93
4294967294,95
4294967294,50
4294967294,1417
4294967294,424
4294967294,417
4294967294,12
4294967294,471
4294967294,25
4294967294,1018
4294967294,26
4294967294,92
4294967294,81
4294967294,1098
4294967294,1415
4294967294,11
4294967294,68
4294967278,132
4294967278,131
4294967278,130
4294967278,129
4294967278,128
4294967278,127
4294967278,126
4294967278,125
4294967278,124
4294967278,123
4294967278,122
4294967278,121
4294967278,120
4294967278,119
4294967278,118
4294967278,117
4294967278,116
4294967278,115
4294967278,114
4294967278,113
4294967278,112
4294967278,111
4294967278,110
4294967278,109
4294967278,108
4294967278,107
4294967278,106
4294967278,105
4294967278,104
4294967278,103
4294967278,102
4294967278,101
4294967278,100
4294967278,99
4294967278,98
4294967278,97
4294967278,96
4294967278,95
4294967278,94
4294967278,93
4294967278,89
4294967278,87
4294967278,86
4294967278,85
4294967278,84
4294967278,310
4294967278,83
4294967278,82
4294967278,81
4294967278,307
4294967278,80
4294967278,79
4294967278,78
4294967278,306
4294967278,77
4294967278,76
4294967278,75
4294967278,74
4294967278,73
4294967278,72
4294967278,71
4294967278,70
4294967278,69
4294967278,68
4294967278,67
4294967278,66
4294967278,65
4294967278,64
4294967278,63
4294967278,62
4294967278,61
4294967278,60
4294967278,59
4294967278,58
4294967278,57
4294967278,56
4294967278,55
4294967278,299
4294967278,54
4294967278,53
4294967278,52
4294967278,51
4294967278,50
4294967278,49
4294967278,48
4294967278,47
4294967279,46
4294967279,42
4294967279,41
4294967279,37
4294967279,35
4294967279,34
4294967279,33
4294967279,31
4294967279,28
4294967279,284
4294967279,24
4294967279,283
4294967279,20
4294967279,267
4294967279,18
4294967279,17
4294967279,278
4294967279,16
4294967279,276
4294967279,13
4294967279,273
4294967279,11
4294967279,259
4294967279,9
4294967279,8
4294967279,7
4294967279,6
4294967279,5
4294967279,4
4294967278,92
4294967278,317
2,2
4294967278,91
4294967278,316
0,5
4294967278,90
4294967278,315
4294967294,6
4294967278,341
20,6
4294967278,340
20,5
4294967278,339
4294967279,520
4294967278,338
20,4
20,3
20,2
20,1
4294967278,337
4294967279,519
4294967294,1101
18,4
18,3
18,2
18,1
4294967278,336
17,4
17,3
17,2
17,1
4294967279,518
16,4
16,3
16,2
16,1
4294967278,335
4294967294,1418
4294967294,437
4294967279,517
4294967278,334
15,6
4294967278,333
4294967279,516
4294967279,515
15,5
15,4
15,3
15,2
15,1
4294967278,332
4294967279,514
4294967278,331
4294967278,330
14,5
14,4
14,3
14,2
14,1
4294967279,513
4294967279,512
13,5
13,4
13,3
13,2
13,1
4294967278,329
4294967294,470
4294967279,319
4294967278,328
4294967278,327
12,5
12,4
12,3
12,2
12,1
4294967279,318
4294967279,317
4294967278,326
4294967278,325
4294967279,316
4294967278,324
4294967279,315
4294967278,323
4294967278,322
4294967279,314
4294967279,313
4294967279,312
4294967278,321
4294967279,311
4294967278,320
4294967279,310
4294967279,309
4294967278,319
4294967279,308
4294967293,131
4294967293,130
4294967293,129
4294967293,128
4294967293,127
4294967293,126
4294967293,125
4294967293,124
4294967293,123
4294967293,122
4294967293,121
4294967293,120
4294967293,119
4294967293,118
4294967293,117
4294967293,116
4294967293,115
4294967293,114
4294967293,113
4294967293,112
4294967293,111
4294967293,110
4294967293,109
4294967293,108
4294967293,107
4294967293,106
4294967293,105
4294967293,104
4294967293,103
4294967293,102
4294967293,101
4294967293,100
4294967293,99
4294967293,98
4294967293,97
4294967293,96
4294967293,95
4294967293,94
4294967293,93
4294967293,92
4294967293,91
4294967293,90
4294967293,89
4294967293,88
4294967293,87
4294967293,86
4294967293,85
4294967293,84
4294967293,83
4294967293,82
4294967293,81
4294967293,80
4294967293,79
4294967293,78
